%YAML:1.0

#--------------------------------------------------------------------------------------------
# Camera Parameters. Adjust them!
#--------------------------------------------------------------------------------------------

# Camera calibration and distortion parameters (OpenCV) 
Camera.fx: 974.5378428931909
Camera.fy: 974.5378428931909
Camera.cx: 640.0
Camera.cy: 480.0

Camera.k1: 0.0
Camera.k2: 0.0
Camera.p1: 0.0
Camera.p2: 0.0

Camera.width: 1280
Camera.height: 960

# Camera frames per second 
Camera.fps: 3.45

# stereo baseline times fx
Camera.bf: 47.90639384423901

# Color order of the images (0: BGR, 1: RGB. It is ignored if images are grayscale)
Camera.RGB: 1

# Close/Far threshold. Baseline times.
ThDepth: 35

#--------------------------------------------------------------------------------------------
# Stereo Rectification. Only if you need to pre-rectify the images.
# Camera.fx, .fy, etc must be the same as in LEFT.P
#--------------------------------------------------------------------------------------------
LEFT.height: 960
LEFT.width: 1280
LEFT.D: !!opencv-matrix
   rows: 1
   cols: 5
   dt: d
   data:[-0.06971084624301688, 0.19420030024369137, -0.0011048238908009432, -0.000323617659948263, -0.1761584776455935]
LEFT.K: !!opencv-matrix
   rows: 3
   cols: 3
   dt: d
   data: [973.4187249690602, 0.0, 631.428237755437, 0.0, 974.3230233510004, 477.37537559534945, 0.0, 0.0, 1.0]
LEFT.R:  !!opencv-matrix
   rows: 3
   cols: 3
   dt: d
   data: [0.99977784968295, -0.015612349981523435, 0.01416000746436482, 0.015537516243251526, 0.9998648137413079, 0.005379575359675696, -0.014242081039199897, -0.005158368939321819, 0.9998852705973614]
LEFT.P:  !!opencv-matrix
   rows: 3
   cols: 4
   dt: d
   data: [974.5378428931909, 0.0, 640.0, 0.0, 0.0, 974.5378428931909, 480.0, 0.0, 0.0, 0.0, 1.0, 0.0]

RIGHT.height: 960
RIGHT.width: 1280
RIGHT.D: !!opencv-matrix
   rows: 1
   cols: 5
   dt: d
   data:[-0.060723341707919834, 0.12916054870835966, 0.0004037726977020408, -0.00046288780185352476, -0.07249129830315897]
RIGHT.K: !!opencv-matrix
   rows: 3
   cols: 3
   dt: d
   data: [973.800508470019, 0.0, 652.562728652289, 0.0, 975.2754193822292, 452.06391753338744, 0.0, 0.0, 1.0]
RIGHT.R:  !!opencv-matrix
   rows: 3
   cols: 3
   dt: d
   data: [0.9998260366699309, 0.01864755461982299, -0.0004063294218201095, -0.018647556168542363, 0.9998261192072052, -2.2965649418962658e-08, 0.00040625834068490563, 7.600012370559947e-06, 0.9999999174481968]
RIGHT.P:  !!opencv-matrix
   rows: 3
   cols: 4
   dt: d
   data: [974.5378428931909, 0.0, 640.0, -135.8954554402621, 0.0, 974.5378428931909, 480.0, 0.0, 0.0, 0.0, 1.0, 0.0]

#--------------------------------------------------------------------------------------------
# ORB Parameters
#--------------------------------------------------------------------------------------------

# ORB Extractor: Number of features per image
ORBextractor.nFeatures: 1200

# ORB Extractor: Scale factor between levels in the scale pyramid 	
ORBextractor.scaleFactor: 1.2

# ORB Extractor: Number of levels in the scale pyramid	
ORBextractor.nLevels: 8

# ORB Extractor: Fast threshold
# Image is divided in a grid. At each cell FAST are extracted imposing a minimum response.
# Firstly we impose iniThFAST. If no corners are detected we impose a lower value minThFAST
# You can lower these values if your images have low contrast			
ORBextractor.iniThFAST: 20
ORBextractor.minThFAST: 7

#--------------------------------------------------------------------------------------------
# Viewer Parameters
#--------------------------------------------------------------------------------------------
Viewer.KeyFrameSize: 0.05
Viewer.KeyFrameLineWidth: 1
Viewer.GraphLineWidth: 0.9
Viewer.PointSize:2
Viewer.CameraSize: 0.08
Viewer.CameraLineWidth: 3
Viewer.ViewpointX: 0
Viewer.ViewpointY: -0.7
Viewer.ViewpointZ: -1.8
Viewer.ViewpointF: 500

